442000000     100       80   100000     100000
442030000     100       80   100000     100000
442060000     100       80   100000     100000
442090000     100       80   100000     100000
442120000     100       80   100000     100000
442150000     100       80   100000     100000
442180000     100       80   100000     100000
442210000     100       80   100000     100000
442240000     100       80   100000     100000
442270000     100       80   100000     100000
442300000     100       80   100000     100000
442330000     100       80   100000     100000
442360000     100       80   100000     100000
442390000     100       80   100000     100000
442420000     100       80   100000     100000
442450000     100       80   100000     100000
442480000     100       80   100000     100000
442510000     100       80   100000     100000
442540000     100       80   100000     100000
442570000     100       80   100000     100000
442600000     100       80   100000     100000
442630000     100       80   100000     100000
442660000     100       80   100000     100000
442690000     100       80   100000     100000
442720000     100       80   100000     100000
442750000     100       80   100000     100000
442780000     100       80   100000     100000
442810000     100       80   100000     100000
442840000     100       80   100000     100000
442870000     100       80   100000     100000
442900000     100       80   100000     100000
442930000     100       80   100000     100000
442960000     100       80   100000     100000
442990000     100       80   100000     100000
443020000     100       80   100000     100000
443050000     100       80   100000     100000
443080000     100       80   100000     100000
443110000     100       80   100000     100000
443140000     100       80   100000     100000
443170000     100       80   100000     100000
443200000     100       80   100000     100000
443230000     100       80   100000     100000
443260000     100       80   100000     100000
443290000     100       80   100000     100000
443320000     100       80   100000     100000
443350000     100       80   100000     100000
443380000     100       80   100000     100000
443410000     100       80   100000     100000
443440000     100       80   100000     100000
443470000     100       80   100000     100000
443500000     100       80   100000     100000
443530000     100       80   100000     100000
443560000     100       80   100000     100000
443590000     100       80   100000     100000
443620000     100       80   100000     100000
443650000     100       80   100000     100000
443680000     100       80   100000     100000
443710000     100       80   100000     100000
443740000     100       80   100000     100000
443770000     100       80   100000     100000
443800000     100       80   100000     100000
443830000     100       80   100000     100000
443860000     100       80   100000     100000
443890000     100       80   100000     100000
443920000     100       80   100000     100000
443950000     100       80   100000     100000
443980000     100       80   100000     100000
444010000     100       80   100000     100000
444040000     100       80   100000     100000
444070000     100       80   100000     100000
444100000     100       80   100000     100000
444130000     100       80   100000     100000
444160000     100       80   100000     100000
444190000     100       80   100000     100000
444220000     100       80   100000     100000
444250000     100       80   100000     100000
444280000     100       80   100000     100000
444310000     100       80   100000     100000
444340000     100       80   100000     100000
444370000     100       80   100000     100000
444400000     100       80   100000     100000
444430000     100       80   100000     100000
444460000     100       80   100000     100000
444490000     100       80   100000     100000
444520000     100       80   100000     100000
444550000     100       80   100000     100000
444580000     100       80   100000     100000
444610000     100       80   100000     100000
444640000     100       80   100000     100000
444670000     100       80   100000     100000
444700000     100       80   100000     100000
444730000     100       80   100000     100000
444760000     100       80   100000     100000
444790000     100       80   100000     100000
444820000     100       80   100000     100000
444850000     100       80   100000     100000
444880000     100       80   100000     100000
444910000     100       80   100000     100000
444940000     100       80   100000     100000
444970000     100       80   100000     100000
446000000     100       80   100000     100000
446030000     100       80   100000     100000
446060000     100       80   100000     100000
446090000     100       80   100000     100000
446120000     100       80   100000     100000
446150000     100       80   100000     100000
