145100000     700       80   100000     100000
145130000     700       80   100000     100000
145160000     700       80   100000     100000
145190000     700       80   100000     100000
145220000     700       80   100000     100000
145250000     700       80   100000     100000
145280000     700       80   100000     100000
145310000     700       80   100000     100000
145340000     700       80   100000     100000
145370000     700       80   100000     100000
145400000     700       80   100000     100000
145430000     700       80   100000     100000
145460000     700       80   100000     100000
145490000     700       80   100000     100000
146610000     700       80   100000     100000
146640000     700       80   100000     100000
146670000     700       80   100000     100000
146700000     700       80   100000     100000
146730000     700       80   100000     100000
146760000     700       80   100000     100000
146790000     700       80   100000     100000
146820000     700       80   100000     100000
146850000     700       80   100000     100000
146880000     700       80   100000     100000
146910000     700       80   100000     100000
146940000     700       80   100000     100000
146970000     700       80   100000     100000
147000000     700       80   100000     100000
147030000     700       80   100000     100000
147060000     700       80   100000     100000
147090000     700       80   100000     100000
147120000     700       80   100000     100000
147150000     700       80   100000     100000
147180000     700       80   100000     100000
147210000     700       80   100000     100000
147240000     700       80   100000     100000
147270000     700       80   100000     100000
147300000     700       80   100000     100000
147330000     700       80   100000     100000
147360000     700       80   100000     100000
442000000     700       80   100000     100000
442030000     700       80   100000     100000
442060000     700       80   100000     100000
442090000     700       80   100000     100000
442120000     700       80   100000     100000
442150000     700       80   100000     100000
442180000     700       80   100000     100000
442210000     700       80   100000     100000
442240000     700       80   100000     100000
442270000     700       80   100000     100000
442300000     700       80   100000     100000
442330000     700       80   100000     100000
442360000     700       80   100000     100000
442390000     700       80   100000     100000
442420000     700       80   100000     100000
442450000     700       80   100000     100000
442480000     700       80   100000     100000
442510000     700       80   100000     100000
442540000     700       80   100000     100000
442570000     700       80   100000     100000
442600000     700       80   100000     100000
442630000     700       80   100000     100000
442660000     700       80   100000     100000
442690000     700       80   100000     100000
442720000     700       80   100000     100000
442750000     700       80   100000     100000
442780000     700       80   100000     100000
442810000     700       80   100000     100000
442840000     700       80   100000     100000
442870000     700       80   100000     100000
442900000     700       80   100000     100000
442930000     700       80   100000     100000
442960000     700       80   100000     100000
442990000     700       80   100000     100000
443020000     700       80   100000     100000
443050000     700       80   100000     100000
443080000     700       80   100000     100000
443110000     700       80   100000     100000
443140000     700       80   100000     100000
443170000     700       80   100000     100000
443200000     700       80   100000     100000
443230000     700       80   100000     100000
443260000     700       80   100000     100000
443290000     700       80   100000     100000
443320000     700       80   100000     100000
443350000     700       80   100000     100000
443380000     700       80   100000     100000
443410000     700       80   100000     100000
443440000     700       80   100000     100000
443470000     700       80   100000     100000
443500000     700       80   100000     100000
443530000     700       80   100000     100000
443560000     700       80   100000     100000
443590000     700       80   100000     100000
443620000     700       80   100000     100000
443650000     700       80   100000     100000
443680000     700       80   100000     100000
443710000     700       80   100000     100000
443740000     700       80   100000     100000
443770000     700       80   100000     100000
443800000     700       80   100000     100000
443830000     700       80   100000     100000
443860000     700       80   100000     100000
443890000     700       80   100000     100000
443920000     700       80   100000     100000
443950000     700       80   100000     100000
443980000     700       80   100000     100000
444010000     700       80   100000     100000
444040000     700       80   100000     100000
444070000     700       80   100000     100000
444100000     700       80   100000     100000
444130000     700       80   100000     100000
444160000     700       80   100000     100000
444190000     700       80   100000     100000
444220000     700       80   100000     100000
444250000     700       80   100000     100000
444280000     700       80   100000     100000
444310000     700       80   100000     100000
444340000     700       80   100000     100000
444370000     700       80   100000     100000
444400000     700       80   100000     100000
444430000     700       80   100000     100000
444460000     700       80   100000     100000
444490000     700       80   100000     100000
444520000     700       80   100000     100000
444550000     700       80   100000     100000
444580000     700       80   100000     100000
444610000     700       80   100000     100000
444640000     700       80   100000     100000
444670000     700       80   100000     100000
444700000     700       80   100000     100000
444730000     700       80   100000     100000
444760000     700       80   100000     100000
444790000     700       80   100000     100000
444820000     700       80   100000     100000
444850000     700       80   100000     100000
444880000     700       80   100000     100000
444910000     700       80   100000     100000
444940000     700       80   100000     100000
444970000     700       80   100000     100000
146400000     700       80   100000     100000
146430000     700       80   100000     100000
146460000     700       80   100000     100000
146490000     700       80   100000     100000
146520000     700       80   100000     100000
146550000     700       80   100000     100000
147420000     700       80   100000     100000
147450000     700       80   100000     100000
147480000     700       80   100000     100000
147510000     700       80   100000     100000
147540000     700       80   100000     100000
446000000     700       80   100000     100000
446030000     700       80   100000     100000
446060000     700       80   100000     100000
446090000     700       80   100000     100000
446120000     700       80   100000     100000
446150000     700       80   100000     100000
