144000000     200       0   2000     2000
144005000     200       0   2000     2000
144010000     200       0   2000     2000
144015000     200       0   2000     2000
144020000     200       0   2000     2000
144025000     200       0   2000     2000
144030000     200       0   2000     2000
144035000     200       0   2000     2000
144040000     200       0   2000     2000
144045000     200       0   2000     2000
144050000     200       0   2000     2000
144055000     200       0   2000     2000
144060000     200       0   2000     2000
144065000     200       0   2000     2000
144070000     200       0   2000     2000
144075000     200       0   2000     2000
144080000     200       0   2000     2000
144085000     200       0   2000     2000
144090000     200       0   2000     2000
144095000     200       0   2000     2000
144100000     200       0   2000     2000
144105000     200       0   2000     2000
144110000     200       0   2000     2000
144115000     200       0   2000     2000
144120000     200       0   2000     2000
144125000     200       0   2000     2000
144130000     200       0   2000     2000
144135000     200       0   2000     2000
144140000     200       0   2000     2000
144145000     200       0   2000     2000
144150000     200       0   2000     2000
144155000     200       0   2000     2000
144160000     200       0   2000     2000
144165000     200       0   2000     2000
144170000     200       0   2000     2000
144175000     200       0   2000     2000
144180000     200       0   2000     2000
144185000     200       0   2000     2000
144190000     200       0   2000     2000
144195000     200       0   2000     2000
144200000     200       0   2000     2000
144205000     200       0   2000     2000
144210000     200       0   2000     2000
144215000     200       0   2000     2000
144220000     200       0   2000     2000
144225000     200       0   2000     2000
144230000     200       0   2000     2000
144235000     200       0   2000     2000
144240000     200       0   2000     2000
144245000     200       0   2000     2000
144250000     200       0   2000     2000
144255000     200       0   2000     2000
144260000     200       0   2000     2000
144265000     200       0   2000     2000
144270000     200       0   2000     2000
144275000     200       0   2000     2000
144280000     200       0   2000     2000
144285000     200       0   2000     2000
144290000     200       0   2000     2000
144295000     200       0   2000     2000
144300000     200       0   2000     2000
144305000     200       0   2000     2000
144310000     200       0   2000     2000
144315000     200       0   2000     2000
144320000     200       0   2000     2000
144325000     200       0   2000     2000
144330000     200       0   2000     2000
144335000     200       0   2000     2000
144340000     200       0   2000     2000
144345000     200       0   2000     2000
144350000     200       0   2000     2000
144355000     200       0   2000     2000
144360000     200       0   2000     2000
144365000     200       0   2000     2000
144370000     200       0   2000     2000
144375000     200       0   2000     2000
144380000     200       0   2000     2000
144385000     200       0   2000     2000
144390000     200       0   2000     2000
144395000     200       0   2000     2000
144400000     200       0   2000     2000
144405000     200       0   2000     2000
144410000     200       0   2000     2000
144415000     200       0   2000     2000
144420000     200       0   2000     2000
144425000     200       0   2000     2000
144430000     200       0   2000     2000
144435000     200       0   2000     2000
144440000     200       0   2000     2000
144445000     200       0   2000     2000
144450000     200       0   2000     2000
144455000     200       0   2000     2000
144460000     200       0   2000     2000
144465000     200       0   2000     2000
144470000     200       0   2000     2000
144475000     200       0   2000     2000
144480000     200       0   2000     2000
144485000     200       0   2000     2000
144490000     200       0   2000     2000
144495000     200       0   2000     2000
144500000     200       0   2000     2000
144505000     200       0   2000     2000
144510000     200       0   2000     2000
144515000     200       0   2000     2000
144520000     200       0   2000     2000
144525000     200       0   2000     2000
144530000     200       0   2000     2000
144535000     200       0   2000     2000
144540000     200       0   2000     2000
144545000     200       0   2000     2000
144550000     200       0   2000     2000
144555000     200       0   2000     2000
144560000     200       0   2000     2000
144565000     200       0   2000     2000
144570000     200       0   2000     2000
144575000     200       0   2000     2000
144580000     200       0   2000     2000
144585000     200       0   2000     2000
144590000     200       0   2000     2000
144595000     200       0   2000     2000
144600000     200       0   2000     2000
144605000     200       0   2000     2000
144610000     200       0   2000     2000
144615000     200       0   2000     2000
144620000     200       0   2000     2000
144625000     200       0   2000     2000
144630000     200       0   2000     2000
144635000     200       0   2000     2000
144640000     200       0   2000     2000
144645000     200       0   2000     2000
144650000     200       0   2000     2000
144655000     200       0   2000     2000
144660000     200       0   2000     2000
144665000     200       0   2000     2000
144670000     200       0   2000     2000
144675000     200       0   2000     2000
144680000     200       0   2000     2000
144685000     200       0   2000     2000
144690000     200       0   2000     2000
144695000     200       0   2000     2000
144700000     200       0   2000     2000
144705000     200       0   2000     2000
144710000     200       0   2000     2000
144715000     200       0   2000     2000
144720000     200       0   2000     2000
144725000     200       0   2000     2000
144730000     200       0   2000     2000
144735000     200       0   2000     2000
144740000     200       0   2000     2000
144745000     200       0   2000     2000
144750000     200       0   2000     2000
144755000     200       0   2000     2000
144760000     200       0   2000     2000
144765000     200       0   2000     2000
144770000     200       0   2000     2000
144775000     200       0   2000     2000
144780000     200       0   2000     2000
144785000     200       0   2000     2000
144790000     200       0   2000     2000
144795000     200       0   2000     2000
144800000     200       0   2000     2000
144805000     200       0   2000     2000
144810000     200       0   2000     2000
144815000     200       0   2000     2000
144820000     200       0   2000     2000
144825000     200       0   2000     2000
144830000     200       0   2000     2000
144835000     200       0   2000     2000
144840000     200       0   2000     2000
144845000     200       0   2000     2000
144850000     200       0   2000     2000
144855000     200       0   2000     2000
144860000     200       0   2000     2000
144865000     200       0   2000     2000
144870000     200       0   2000     2000
144875000     200       0   2000     2000
144880000     200       0   2000     2000
144885000     200       0   2000     2000
144890000     200       0   2000     2000
144895000     200       0   2000     2000
144900000     200       0   2000     2000
144905000     200       0   2000     2000
144910000     200       0   2000     2000
144915000     200       0   2000     2000
144920000     200       0   2000     2000
144925000     200       0   2000     2000
144930000     200       0   2000     2000
144935000     200       0   2000     2000
144940000     200       0   2000     2000
144945000     200       0   2000     2000
144950000     200       0   2000     2000
144955000     200       0   2000     2000
144960000     200       0   2000     2000
144965000     200       0   2000     2000
144970000     200       0   2000     2000
144975000     200       0   2000     2000
144980000     200       0   2000     2000
144985000     200       0   2000     2000
144990000     200       0   2000     2000
144995000     200       0   2000     2000
145000000     200       0   2000     2000
145005000     200       0   2000     2000
145010000     200       0   2000     2000
145015000     200       0   2000     2000
145020000     200       0   2000     2000
145025000     200       0   2000     2000
145030000     200       0   2000     2000
145035000     200       0   2000     2000
145040000     200       0   2000     2000
145045000     200       0   2000     2000
145050000     200       0   2000     2000
145055000     200       0   2000     2000
145060000     200       0   2000     2000
145065000     200       0   2000     2000
145070000     200       0   2000     2000
145075000     200       0   2000     2000
145080000     200       0   2000     2000
145085000     200       0   2000     2000
145090000     200       0   2000     2000
145095000     200       0   2000     2000
145100000     200       0   2000     2000
145105000     200       0   2000     2000
145110000     200       0   2000     2000
145115000     200       0   2000     2000
145120000     200       0   2000     2000
145125000     200       0   2000     2000
145130000     200       0   2000     2000
145135000     200       0   2000     2000
145140000     200       0   2000     2000
145145000     200       0   2000     2000
145150000     200       0   2000     2000
145155000     200       0   2000     2000
145160000     200       0   2000     2000
145165000     200       0   2000     2000
145170000     200       0   2000     2000
145175000     200       0   2000     2000
145180000     200       0   2000     2000
145185000     200       0   2000     2000
145190000     200       0   2000     2000
145195000     200       0   2000     2000
145200000     200       0   2000     2000
145205000     200       0   2000     2000
145210000     200       0   2000     2000
145215000     200       0   2000     2000
145220000     200       0   2000     2000
145225000     200       0   2000     2000
145230000     200       0   2000     2000
145235000     200       0   2000     2000
145240000     200       0   2000     2000
145245000     200       0   2000     2000
145250000     200       0   2000     2000
145255000     200       0   2000     2000
145260000     200       0   2000     2000
145265000     200       0   2000     2000
145270000     200       0   2000     2000
145275000     200       0   2000     2000
145280000     200       0   2000     2000
145285000     200       0   2000     2000
145290000     200       0   2000     2000
145295000     200       0   2000     2000
145300000     200       0   2000     2000
145305000     200       0   2000     2000
145310000     200       0   2000     2000
145315000     200       0   2000     2000
145320000     200       0   2000     2000
145325000     200       0   2000     2000
145330000     200       0   2000     2000
145335000     200       0   2000     2000
145340000     200       0   2000     2000
145345000     200       0   2000     2000
145350000     200       0   2000     2000
145355000     200       0   2000     2000
145360000     200       0   2000     2000
145365000     200       0   2000     2000
145370000     200       0   2000     2000
145375000     200       0   2000     2000
145380000     200       0   2000     2000
145385000     200       0   2000     2000
145390000     200       0   2000     2000
145395000     200       0   2000     2000
145400000     200       0   2000     2000
145405000     200       0   2000     2000
145410000     200       0   2000     2000
145415000     200       0   2000     2000
145420000     200       0   2000     2000
145425000     200       0   2000     2000
145430000     200       0   2000     2000
145435000     200       0   2000     2000
145440000     200       0   2000     2000
145445000     200       0   2000     2000
145450000     200       0   2000     2000
145455000     200       0   2000     2000
145460000     200       0   2000     2000
145465000     200       0   2000     2000
145470000     200       0   2000     2000
145475000     200       0   2000     2000
145480000     200       0   2000     2000
145485000     200       0   2000     2000
145490000     200       0   2000     2000
145495000     200       0   2000     2000
145500000     200       0   2000     2000
145505000     200       0   2000     2000
145510000     200       0   2000     2000
145515000     200       0   2000     2000
145520000     200       0   2000     2000
145525000     200       0   2000     2000
145530000     200       0   2000     2000
145535000     200       0   2000     2000
145540000     200       0   2000     2000
145545000     200       0   2000     2000
145550000     200       0   2000     2000
145555000     200       0   2000     2000
145560000     200       0   2000     2000
145565000     200       0   2000     2000
145570000     200       0   2000     2000
145575000     200       0   2000     2000
145580000     200       0   2000     2000
145585000     200       0   2000     2000
145590000     200       0   2000     2000
145595000     200       0   2000     2000
145600000     200       0   2000     2000
145605000     200       0   2000     2000
145610000     200       0   2000     2000
145615000     200       0   2000     2000
145620000     200       0   2000     2000
145625000     200       0   2000     2000
145630000     200       0   2000     2000
145635000     200       0   2000     2000
145640000     200       0   2000     2000
145645000     200       0   2000     2000
145650000     200       0   2000     2000
145655000     200       0   2000     2000
145660000     200       0   2000     2000
145665000     200       0   2000     2000
145670000     200       0   2000     2000
145675000     200       0   2000     2000
145680000     200       0   2000     2000
145685000     200       0   2000     2000
145690000     200       0   2000     2000
145695000     200       0   2000     2000
145700000     200       0   2000     2000
145705000     200       0   2000     2000
145710000     200       0   2000     2000
145715000     200       0   2000     2000
145720000     200       0   2000     2000
145725000     200       0   2000     2000
145730000     200       0   2000     2000
145735000     200       0   2000     2000
145740000     200       0   2000     2000
145745000     200       0   2000     2000
145750000     200       0   2000     2000
145755000     200       0   2000     2000
145760000     200       0   2000     2000
145765000     200       0   2000     2000
145770000     200       0   2000     2000
145775000     200       0   2000     2000
145780000     200       0   2000     2000
145785000     200       0   2000     2000
145790000     200       0   2000     2000
145795000     200       0   2000     2000
145800000     200       0   2000     2000
145805000     200       0   2000     2000
145810000     200       0   2000     2000
145815000     200       0   2000     2000
145820000     200       0   2000     2000
145825000     200       0   2000     2000
145830000     200       0   2000     2000
145835000     200       0   2000     2000
145840000     200       0   2000     2000
145845000     200       0   2000     2000
145850000     200       0   2000     2000
145855000     200       0   2000     2000
145860000     200       0   2000     2000
145865000     200       0   2000     2000
145870000     200       0   2000     2000
145875000     200       0   2000     2000
145880000     200       0   2000     2000
145885000     200       0   2000     2000
145890000     200       0   2000     2000
145895000     200       0   2000     2000
145900000     200       0   2000     2000
145905000     200       0   2000     2000
145910000     200       0   2000     2000
145915000     200       0   2000     2000
145920000     200       0   2000     2000
145925000     200       0   2000     2000
145930000     200       0   2000     2000
145935000     200       0   2000     2000
145940000     200       0   2000     2000
145945000     200       0   2000     2000
145950000     200       0   2000     2000
145955000     200       0   2000     2000
145960000     200       0   2000     2000
145965000     200       0   2000     2000
145970000     200       0   2000     2000
145975000     200       0   2000     2000
145980000     200       0   2000     2000
145985000     200       0   2000     2000
145990000     200       0   2000     2000
145995000     200       0   2000     2000
146000000     200       0   2000     2000
146005000     200       0   2000     2000
146010000     200       0   2000     2000
146015000     200       0   2000     2000
146020000     200       0   2000     2000
146025000     200       0   2000     2000
146030000     200       0   2000     2000
146035000     200       0   2000     2000
146040000     200       0   2000     2000
146045000     200       0   2000     2000
146050000     200       0   2000     2000
146055000     200       0   2000     2000
146060000     200       0   2000     2000
146065000     200       0   2000     2000
146070000     200       0   2000     2000
146075000     200       0   2000     2000
146080000     200       0   2000     2000
146085000     200       0   2000     2000
146090000     200       0   2000     2000
146095000     200       0   2000     2000
146100000     200       0   2000     2000
146105000     200       0   2000     2000
146110000     200       0   2000     2000
146115000     200       0   2000     2000
146120000     200       0   2000     2000
146125000     200       0   2000     2000
146130000     200       0   2000     2000
146135000     200       0   2000     2000
146140000     200       0   2000     2000
146145000     200       0   2000     2000
146150000     200       0   2000     2000
146155000     200       0   2000     2000
146160000     200       0   2000     2000
146165000     200       0   2000     2000
146170000     200       0   2000     2000
146175000     200       0   2000     2000
146180000     200       0   2000     2000
146185000     200       0   2000     2000
146190000     200       0   2000     2000
146195000     200       0   2000     2000
146200000     200       0   2000     2000
146205000     200       0   2000     2000
146210000     200       0   2000     2000
146215000     200       0   2000     2000
146220000     200       0   2000     2000
146225000     200       0   2000     2000
146230000     200       0   2000     2000
146235000     200       0   2000     2000
146240000     200       0   2000     2000
146245000     200       0   2000     2000
146250000     200       0   2000     2000
146255000     200       0   2000     2000
146260000     200       0   2000     2000
146265000     200       0   2000     2000
146270000     200       0   2000     2000
146275000     200       0   2000     2000
146280000     200       0   2000     2000
146285000     200       0   2000     2000
146290000     200       0   2000     2000
146295000     200       0   2000     2000
146300000     200       0   2000     2000
146305000     200       0   2000     2000
146310000     200       0   2000     2000
146315000     200       0   2000     2000
146320000     200       0   2000     2000
146325000     200       0   2000     2000
146330000     200       0   2000     2000
146335000     200       0   2000     2000
146340000     200       0   2000     2000
146345000     200       0   2000     2000
146350000     200       0   2000     2000
146355000     200       0   2000     2000
146360000     200       0   2000     2000
146365000     200       0   2000     2000
146370000     200       0   2000     2000
146375000     200       0   2000     2000
146380000     200       0   2000     2000
146385000     200       0   2000     2000
146390000     200       0   2000     2000
146395000     200       0   2000     2000
146400000     200       0   2000     2000
146405000     200       0   2000     2000
146410000     200       0   2000     2000
146415000     200       0   2000     2000
146420000     200       0   2000     2000
146425000     200       0   2000     2000
146430000     200       0   2000     2000
146435000     200       0   2000     2000
146440000     200       0   2000     2000
146445000     200       0   2000     2000
146450000     200       0   2000     2000
146455000     200       0   2000     2000
146460000     200       0   2000     2000
146465000     200       0   2000     2000
146470000     200       0   2000     2000
146475000     200       0   2000     2000
146480000     200       0   2000     2000
146485000     200       0   2000     2000
146490000     200       0   2000     2000
146495000     200       0   2000     2000
146500000     200       0   2000     2000
146505000     200       0   2000     2000
146510000     200       0   2000     2000
146515000     200       0   2000     2000
146520000     200       0   2000     2000
146525000     200       0   2000     2000
146530000     200       0   2000     2000
146535000     200       0   2000     2000
146540000     200       0   2000     2000
146545000     200       0   2000     2000
146550000     200       0   2000     2000
146555000     200       0   2000     2000
146560000     200       0   2000     2000
146565000     200       0   2000     2000
146570000     200       0   2000     2000
146575000     200       0   2000     2000
146580000     200       0   2000     2000
146585000     200       0   2000     2000
146590000     200       0   2000     2000
146595000     200       0   2000     2000
146600000     200       0   2000     2000
146605000     200       0   2000     2000
146610000     200       0   2000     2000
146615000     200       0   2000     2000
146620000     200       0   2000     2000
146625000     200       0   2000     2000
146630000     200       0   2000     2000
146635000     200       0   2000     2000
146640000     200       0   2000     2000
146645000     200       0   2000     2000
146650000     200       0   2000     2000
146655000     200       0   2000     2000
146660000     200       0   2000     2000
146665000     200       0   2000     2000
146670000     200       0   2000     2000
146675000     200       0   2000     2000
146680000     200       0   2000     2000
146685000     200       0   2000     2000
146690000     200       0   2000     2000
146695000     200       0   2000     2000
146700000     200       0   2000     2000
146705000     200       0   2000     2000
146710000     200       0   2000     2000
146715000     200       0   2000     2000
146720000     200       0   2000     2000
146725000     200       0   2000     2000
146730000     200       0   2000     2000
146735000     200       0   2000     2000
146740000     200       0   2000     2000
146745000     200       0   2000     2000
146750000     200       0   2000     2000
146755000     200       0   2000     2000
146760000     200       0   2000     2000
146765000     200       0   2000     2000
146770000     200       0   2000     2000
146775000     200       0   2000     2000
146780000     200       0   2000     2000
146785000     200       0   2000     2000
146790000     200       0   2000     2000
146795000     200       0   2000     2000
146800000     200       0   2000     2000
146805000     200       0   2000     2000
146810000     200       0   2000     2000
146815000     200       0   2000     2000
146820000     200       0   2000     2000
146825000     200       0   2000     2000
146830000     200       0   2000     2000
146835000     200       0   2000     2000
146840000     200       0   2000     2000
146845000     200       0   2000     2000
146850000     200       0   2000     2000
146855000     200       0   2000     2000
146860000     200       0   2000     2000
146865000     200       0   2000     2000
146870000     200       0   2000     2000
146875000     200       0   2000     2000
146880000     200       0   2000     2000
146885000     200       0   2000     2000
146890000     200       0   2000     2000
146895000     200       0   2000     2000
146900000     200       0   2000     2000
146905000     200       0   2000     2000
146910000     200       0   2000     2000
146915000     200       0   2000     2000
146920000     200       0   2000     2000
146925000     200       0   2000     2000
146930000     200       0   2000     2000
146935000     200       0   2000     2000
146940000     200       0   2000     2000
146945000     200       0   2000     2000
146950000     200       0   2000     2000
146955000     200       0   2000     2000
146960000     200       0   2000     2000
146965000     200       0   2000     2000
146970000     200       0   2000     2000
146975000     200       0   2000     2000
146980000     200       0   2000     2000
146985000     200       0   2000     2000
146990000     200       0   2000     2000
146995000     200       0   2000     2000
147000000     200       0   2000     2000
147005000     200       0   2000     2000
147010000     200       0   2000     2000
147015000     200       0   2000     2000
147020000     200       0   2000     2000
147025000     200       0   2000     2000
147030000     200       0   2000     2000
147035000     200       0   2000     2000
147040000     200       0   2000     2000
147045000     200       0   2000     2000
147050000     200       0   2000     2000
147055000     200       0   2000     2000
147060000     200       0   2000     2000
147065000     200       0   2000     2000
147070000     200       0   2000     2000
147075000     200       0   2000     2000
147080000     200       0   2000     2000
147085000     200       0   2000     2000
147090000     200       0   2000     2000
147095000     200       0   2000     2000
147100000     200       0   2000     2000
147105000     200       0   2000     2000
147110000     200       0   2000     2000
147115000     200       0   2000     2000
147120000     200       0   2000     2000
147125000     200       0   2000     2000
147130000     200       0   2000     2000
147135000     200       0   2000     2000
147140000     200       0   2000     2000
147145000     200       0   2000     2000
147150000     200       0   2000     2000
147155000     200       0   2000     2000
147160000     200       0   2000     2000
147165000     200       0   2000     2000
147170000     200       0   2000     2000
147175000     200       0   2000     2000
147180000     200       0   2000     2000
147185000     200       0   2000     2000
147190000     200       0   2000     2000
147195000     200       0   2000     2000
147200000     200       0   2000     2000
147205000     200       0   2000     2000
147210000     200       0   2000     2000
147215000     200       0   2000     2000
147220000     200       0   2000     2000
147225000     200       0   2000     2000
147230000     200       0   2000     2000
147235000     200       0   2000     2000
147240000     200       0   2000     2000
147245000     200       0   2000     2000
147250000     200       0   2000     2000
147255000     200       0   2000     2000
147260000     200       0   2000     2000
147265000     200       0   2000     2000
147270000     200       0   2000     2000
147275000     200       0   2000     2000
147280000     200       0   2000     2000
147285000     200       0   2000     2000
147290000     200       0   2000     2000
147295000     200       0   2000     2000
147300000     200       0   2000     2000
147305000     200       0   2000     2000
147310000     200       0   2000     2000
147315000     200       0   2000     2000
147320000     200       0   2000     2000
147325000     200       0   2000     2000
147330000     200       0   2000     2000
147335000     200       0   2000     2000
147340000     200       0   2000     2000
147345000     200       0   2000     2000
147350000     200       0   2000     2000
147355000     200       0   2000     2000
147360000     200       0   2000     2000
147365000     200       0   2000     2000
147370000     200       0   2000     2000
147375000     200       0   2000     2000
147380000     200       0   2000     2000
147385000     200       0   2000     2000
147390000     200       0   2000     2000
147395000     200       0   2000     2000
147400000     200       0   2000     2000
147405000     200       0   2000     2000
147410000     200       0   2000     2000
147415000     200       0   2000     2000
147420000     200       0   2000     2000
147425000     200       0   2000     2000
147430000     200       0   2000     2000
147435000     200       0   2000     2000
147440000     200       0   2000     2000
147445000     200       0   2000     2000
147450000     200       0   2000     2000
147455000     200       0   2000     2000
147460000     200       0   2000     2000
147465000     200       0   2000     2000
147470000     200       0   2000     2000
147475000     200       0   2000     2000
147480000     200       0   2000     2000
147485000     200       0   2000     2000
147490000     200       0   2000     2000
147495000     200       0   2000     2000
147500000     200       0   2000     2000
147505000     200       0   2000     2000
147510000     200       0   2000     2000
147515000     200       0   2000     2000
147520000     200       0   2000     2000
147525000     200       0   2000     2000
147530000     200       0   2000     2000
147535000     200       0   2000     2000
147540000     200       0   2000     2000
147545000     200       0   2000     2000
147550000     200       0   2000     2000
147555000     200       0   2000     2000
147560000     200       0   2000     2000
147565000     200       0   2000     2000
147570000     200       0   2000     2000
147575000     200       0   2000     2000
147580000     200       0   2000     2000
147585000     200       0   2000     2000
147590000     200       0   2000     2000
147595000     200       0   2000     2000
147600000     200       0   2000     2000
147605000     200       0   2000     2000
147610000     200       0   2000     2000
147615000     200       0   2000     2000
147620000     200       0   2000     2000
147625000     200       0   2000     2000
147630000     200       0   2000     2000
147635000     200       0   2000     2000
147640000     200       0   2000     2000
147645000     200       0   2000     2000
147650000     200       0   2000     2000
147655000     200       0   2000     2000
147660000     200       0   2000     2000
147665000     200       0   2000     2000
147670000     200       0   2000     2000
147675000     200       0   2000     2000
147680000     200       0   2000     2000
147685000     200       0   2000     2000
147690000     200       0   2000     2000
147695000     200       0   2000     2000
147700000     200       0   2000     2000
147705000     200       0   2000     2000
147710000     200       0   2000     2000
147715000     200       0   2000     2000
147720000     200       0   2000     2000
147725000     200       0   2000     2000
147730000     200       0   2000     2000
147735000     200       0   2000     2000
147740000     200       0   2000     2000
147745000     200       0   2000     2000
147750000     200       0   2000     2000
147755000     200       0   2000     2000
147760000     200       0   2000     2000
147765000     200       0   2000     2000
147770000     200       0   2000     2000
147775000     200       0   2000     2000
147780000     200       0   2000     2000
147785000     200       0   2000     2000
147790000     200       0   2000     2000
147795000     200       0   2000     2000
147800000     200       0   2000     2000
147805000     200       0   2000     2000
147810000     200       0   2000     2000
147815000     200       0   2000     2000
147820000     200       0   2000     2000
147825000     200       0   2000     2000
147830000     200       0   2000     2000
147835000     200       0   2000     2000
147840000     200       0   2000     2000
147845000     200       0   2000     2000
147850000     200       0   2000     2000
147855000     200       0   2000     2000
147860000     200       0   2000     2000
147865000     200       0   2000     2000
147870000     200       0   2000     2000
147875000     200       0   2000     2000
147880000     200       0   2000     2000
147885000     200       0   2000     2000
147890000     200       0   2000     2000
147895000     200       0   2000     2000
147900000     200       0   2000     2000
147905000     200       0   2000     2000
147910000     200       0   2000     2000
147915000     200       0   2000     2000
147920000     200       0   2000     2000
147925000     200       0   2000     2000
147930000     200       0   2000     2000
147935000     200       0   2000     2000
147940000     200       0   2000     2000
147945000     200       0   2000     2000
147950000     200       0   2000     2000
147955000     200       0   2000     2000
147960000     200       0   2000     2000
147965000     200       0   2000     2000
147970000     200       0   2000     2000
147975000     200       0   2000     2000
147980000     200       0   2000     2000
147985000     200       0   2000     2000
147990000     200       0   2000     2000
147995000     200       0   2000     2000
