# duration of 2000 ~= 1 second
# Freq       scan-squelch   audio-squelch   wait-duration    skip-duration
146520000    200            0               2000             2000

145290000    200            0               2000             2000

146840000    200            0               2000             2000               mt-doug
146980000    200            0               2000             2000               mt-doug
147120000    200            0               2000             2000               victoria
147240000    200            0               2000             2000               victoria
224140000    200            0               2000             2000
444875000    200            0               2000             2000
146660000    200            0               2000             2000
146840000    200            0               2000             2000
146840000    200            0               2000             2000
146840000    200            0               2000             2000

145130000    200            0               2000             2000               highlands
